09/04/17,13:49:20,0.0001856,0.8437
09/05/17,13:49:20,0.0001601,0.69
09/06/17,13:49:20,0.0002,0.9097
09/07/17,13:49:20,0.0002129,0.9637
09/08/17,13:49:20,0.0002071,0.9684
09/09/17,13:49:20,0.0001928,0.8361
09/11/17,13:49:20,0.0001749,0.735
09/12/17,13:49:20,0.0001692,0.7272
09/13/17,13:49:20,0.000158,0.6547
09/14/17,13:49:20,0.0001777,0.6841
09/20/17,13:49:20,0.000144,0.5653
09/25/17,13:49:20,0.0001633,0.6147
09/26/17,13:49:20,0.0001544,0.6085
09/27/17,13:49:20,0.0001662,0.6795
09/28/17,13:49:20,0.0002287,0.9754
10/01/17,13:49:20,0.000314,1.37
10/02/17,13:49:20,0.0002799,1.24
10/03/17,13:49:20,0.0002849,1.25
10/04/17,13:49:20,0.000315,1.32
10/05/17,13:49:20,0.0002997,1.25
10/06/17,13:49:20,0.0002823,1.24
10/07/17,13:49:20,0.00027,1.17
10/09/17,13:49:20,0.0002013,0.9214
10/12/17,13:49:20,0.0001816,0.9449
10/13/17,13:49:20,0.0001574,0.8842
04/04/19,13:49:20,3.46e-05,0.1728
04/08/19,13:49:20,3.296e-05,0.1729
04/12/19,13:49:20,3.344e-05,0.1697
04/14/19,13:49:20,3.358e-05,0.1706
04/17/19,13:49:20,3.194e-05,0.1664
04/18/19,13:49:20,3.231e-05,0.1696
04/19/19,13:49:20,3.3e-05,0.1759
04/20/19,13:49:20,3.425e-05,0.1828
04/23/19,13:49:20,3.236e-05,0.1809
04/25/19,13:49:20,2.86e-05,0.1553
05/22/19,13:49:20,2.09e-05,0.1614
05/23/19,13:49:20,2.031e-05,0.1553
05/24/19,13:49:20,2.024e-05,0.1621
