09/04/17,13:49:20,0.0001818,0.8264
09/05/17,13:49:20,0.0002059,0.8874
09/06/17,13:49:20,0.0002012,0.9151
09/07/17,13:49:20,0.0001872,0.8474
09/08/17,13:49:20,0.0001898,0.8875
09/09/17,13:49:20,0.0002042,0.8855
09/11/17,13:49:20,0.0001778,0.7472
09/12/17,13:49:20,0.0001803,0.7749
09/13/17,13:49:20,0.0001621,0.6717
09/14/17,13:49:20,0.0002095,0.8065
09/20/17,13:49:20,0.0002273,0.8924
09/25/17,13:49:20,0.0002205,0.8301
09/26/17,13:49:20,0.0002252,0.8875
09/27/17,13:49:20,0.0002981,1.22
09/28/17,13:49:20,0.000345,1.47
10/01/17,13:49:20,0.0006976,3.04
10/02/17,13:49:20,0.0005525,2.44
10/03/17,13:49:20,0.0004699,2.06
10/04/17,13:49:20,0.0004227,1.78
10/05/17,13:49:20,0.000398,1.66
10/06/17,13:49:20,0.0003555,1.57
10/07/17,13:49:20,0.0005846,2.54
10/09/17,13:49:20,0.0003837,1.76
10/12/17,13:49:20,0.0003708,1.93
10/13/17,13:49:20,0.0003004,1.69
04/04/19,13:49:20,7.809e-05,0.3899
04/08/19,13:49:20,7.517e-05,0.3943
04/12/19,13:49:20,6.928e-05,0.3516
04/14/19,13:49:20,7e-05,0.3555
04/17/19,13:49:20,7.15e-05,0.3725
04/18/19,13:49:20,7.071e-05,0.3712
04/19/19,13:49:20,7.15e-05,0.381
04/20/19,13:49:20,7.011e-05,0.3741
04/23/19,13:49:20,7.076e-05,0.3956
04/25/19,13:49:20,7.337e-05,0.3983
05/22/19,13:49:20,6.183e-05,0.4775
05/23/19,13:49:20,6.184e-05,0.4729
05/24/19,13:49:20,6.176e-05,0.4948
