09/04/17,13:49:20,0.006067,27.58
09/05/17,13:49:20,0.005855,25.24
09/06/17,13:49:20,0.00584,26.56
09/07/17,13:49:20,0.005709,25.84
09/08/17,13:49:20,0.006283,29.38
09/09/17,13:49:20,0.00595,25.8
09/11/17,13:49:20,0.005568,23.4
09/12/17,13:49:20,0.005549,23.85
09/13/17,13:49:20,0.005316,22.03
09/14/17,13:49:20,0.005219,20.09
09/20/17,13:49:20,0.004752,18.66
09/25/17,13:49:20,0.004401,16.57
09/26/17,13:49:20,0.004376,17.25
09/27/17,13:49:20,0.004598,18.8
09/28/17,13:49:20,0.0046,19.62
10/01/17,13:49:20,0.004242,18.47
10/02/17,13:49:20,0.004016,17.73
10/03/17,13:49:20,0.003924,17.19
10/04/17,13:49:20,0.00416,17.47
10/05/17,13:49:20,0.003982,16.59
10/06/17,13:49:20,0.00409,18.01
10/07/17,13:49:20,0.004075,17.73
10/09/17,13:49:20,0.0037,16.94
10/12/17,13:49:20,0.003201,16.66
10/13/17,13:49:20,0.002807,15.77
04/04/19,13:49:20,0.001685,8.41
04/08/19,13:49:20,0.001765,9.26
04/12/19,13:49:20,0.001584,8.04
04/14/19,13:49:20,0.001714,8.71
04/17/19,13:49:20,0.001681,8.76
04/18/19,13:49:20,0.001733,9.1
04/19/19,13:49:20,0.001697,9.04
04/20/19,13:49:20,0.001699,9.07
04/23/19,13:49:20,0.001712,9.57
04/25/19,13:49:20,0.001587,8.61
05/22/19,13:49:20,0.001058,8.17
05/23/19,13:49:20,0.00106,8.11
05/24/19,13:49:20,0.001082,8.67
