09/07/17,13:49:20,8.509e-05,0.3945
09/08/17,13:49:20,6.341e-05,0.2956
09/09/17,13:49:20,6.419e-05,0.2791
09/11/17,13:49:20,4.847e-05,0.2028
09/12/17,13:49:20,6.299e-05,0.2695
09/13/17,13:49:20,6.023e-05,0.2498
09/14/17,13:49:20,5.756e-05,0.2217
09/20/17,13:49:20,4.734e-05,0.1857
09/25/17,13:49:20,3.495e-05,0.1316
09/26/17,13:49:20,3.219e-05,0.1269
09/27/17,13:49:20,3.364e-05,0.1374
09/28/17,13:49:20,3.8e-05,0.1621
10/01/17,13:49:20,3.3e-05,0.1437
10/02/17,13:49:20,3.8e-05,0.1677
10/03/17,13:49:20,3.5e-05,0.1533
10/04/17,13:49:20,3e-05,0.126
10/05/17,13:49:20,3.2e-05,0.1333
10/06/17,13:49:20,3.3e-05,0.1453
10/07/17,13:49:20,3.206e-05,0.1393
10/09/17,13:49:20,2.258e-05,0.1033
10/12/17,13:49:20,1.958e-05,0.1017
10/13/17,13:49:20,2e-05,0.1123
04/04/19,13:49:20,5.42e-06,0.02706
04/08/19,13:49:20,5.16e-06,0.02706
04/12/19,13:49:20,5.12e-06,0.02598
04/14/19,13:49:20,5.14e-06,0.02611
04/17/19,13:49:20,5.12e-06,0.02668
04/18/19,13:49:20,5.25e-06,0.02756
04/19/19,13:49:20,5.3e-06,0.02824
04/20/19,13:49:20,5.14e-06,0.02743
04/23/19,13:49:20,4.33e-06,0.02421
04/25/19,13:49:20,3.84e-06,0.02085
05/22/19,13:49:20,4.17e-06,0.0322
05/23/19,13:49:20,4.09e-06,0.03128
05/24/19,13:49:20,3.43e-06,0.02748
